<?xml version="1.0"?>
<opencv_storage>
<camera_id>0</camera_id>
<camera_name>"046d&amp;pid_082d&amp;mi_00#7&amp;21ee927b&amp;"</camera_name>
<image_width>1920</image_width>
<image_height>1080</image_height>
<camera_matrix type_id="opencv-matrix">
  <rows>3</rows>
  <cols>3</cols>
  <dt>d</dt>
  <data>
    1.4900718009514846e+03 0. 960. 0. 1.5188055760983314e+03 540. 0. 0.
    1.</data></camera_matrix>
<distortion_coefficients type_id="opencv-matrix">
  <rows>5</rows>
  <cols>1</cols>
  <dt>d</dt>
  <data>
    4.2743924327315302e-02 -9.4006717403907911e-02
    6.9006698206411140e-03 -4.9027611844562587e-03
    -1.0425488180847167e-01</data></distortion_coefficients>
<translation type_id="opencv-matrix">
  <rows>3</rows>
  <cols>1</cols>
  <dt>d</dt>
  <data>
    1. 8.8822954893112183e-01 8.1533598899841309e-01</data></translation>
<rotation type_id="opencv-matrix">
  <rows>4</rows>
  <cols>1</cols>
  <dt>d</dt>
  <data>
    3.5268808715045452e-03 5.0108516216278076e-01 8.1877084448933601e-03
    8.6535203456878662e-01</data></rotation>
<attachedDevice>3</attachedDevice>
<camDelayMs>0</camDelayMs>
<chromaKeyColorRed>0</chromaKeyColorRed>
<chromaKeyColorGreen>255</chromaKeyColorGreen>
<chromaKeyColorBlue>0</chromaKeyColorBlue>
<chromaKeySimilarity>6.0000002384185791e-01</chromaKeySimilarity>
<chromaKeySmoothRange>2.9999999329447746e-02</chromaKeySmoothRange>
<chromaKeySpillRange>5.9999998658895493e-02</chromaKeySpillRange>
</opencv_storage>
